RADUGA 32               
1 23448U 94087A   13017.58278277  .00000000  00000-0  10000-3 0  5863
2 23448  12.7840  37.1920 0005679 124.1377 235.9487  1.00272544 83823
RADUGA-1 4              
1 25642U 99010A   13017.71286665  .00000130  00000-0  10000-3 0  6727
2 25642  11.7705  50.8546 0001080 106.9153 253.1213  1.00296963 50866
RADUGA-1 5              
1 26477U 00049A   13019.59753669 -.00000103  00000-0  10000-3 0  5404
2 26477   9.3910  51.0039 0002612 354.7657   5.2534  1.00203902 45393
RADUGA-1 7              
1 28194U 04010A   13018.70907761  .00000086  00000-0  10000-3 0  6657
2 28194   6.8757  64.2408 0001484  24.4802 335.5290  1.00365778 32290
RADUGA-1M 1             
1 32373U 07058A   13018.90229375 -.00000043  00000-0  00000+0 0  4653
2 32373   0.0263  70.5780 0002023 210.8419 231.8461  1.00272457 19621